freq,psd_x,psd_y,psd_z,psd_xyz,zv(41.6),mzv(34.2),ei(38.2),2hump_ei(49.0),3hump_ei(52.4)
0.0,0.000e+00,0.000e+00,0.000e+00,0.000e+00,1.000,1.000,1.000,1.000,1.000
1.6,0.000e+00,0.000e+00,0.000e+00,0.000e+00,0.993,0.988,0.985,0.983,0.978
3.1,0.000e+00,0.000e+00,0.000e+00,0.000e+00,0.983,0.969,0.962,0.957,0.945
4.7,0.000e+00,0.000e+00,0.000e+00,0.000e+00,0.970,0.944,0.931,0.924,0.903
6.2,2.544e+00,1.954e+02,3.305e+00,2.012e+02,0.953,0.914,0.893,0.885,0.852
7.8,1.818e+00,2.664e+02,2.510e+00,2.708e+02,0.934,0.878,0.850,0.839,0.794
9.3,1.418e+00,3.258e+02,2.018e+00,3.293e+02,0.911,0.838,0.800,0.789,0.731
10.9,1.349e+00,4.301e+02,1.738e+00,4.332e+02,0.886,0.793,0.746,0.733,0.664
12.4,1.184e+00,5.927e+02,1.642e+00,5.955e+02,0.858,0.744,0.688,0.675,0.594
14.0,9.318e-01,6.934e+02,2.080e+00,6.964e+02,0.827,0.692,0.628,0.614,0.523
15.5,8.397e-01,5.939e+02,3.304e+00,5.981e+02,0.794,0.637,0.565,0.552,0.452
17.1,7.583e-01,6.182e+02,2.769e+00,6.218e+02,0.758,0.580,0.501,0.490,0.383
18.6,6.633e-01,7.496e+02,1.970e+00,7.522e+02,0.720,0.522,0.438,0.428,0.318
20.2,6.673e-01,8.966e+02,1.975e+00,8.992e+02,0.680,0.464,0.375,0.368,0.257
21.8,7.039e-01,1.073e+03,2.656e+00,1.076e+03,0.637,0.405,0.315,0.311,0.201
23.3,8.585e-01,1.184e+03,3.912e+00,1.188e+03,0.594,0.346,0.257,0.256,0.152
24.9,1.360e+00,1.316e+03,4.678e+00,1.322e+03,0.548,0.289,0.202,0.206,0.110
26.4,2.335e+00,1.653e+03,6.562e+00,1.662e+03,0.501,0.234,0.153,0.160,0.076
28.0,4.421e+00,2.138e+03,1.246e+01,2.154e+03,0.453,0.181,0.108,0.120,0.052
29.5,9.062e+00,2.777e+03,2.215e+01,2.808e+03,0.404,0.131,0.070,0.085,0.039
31.1,1.754e+01,3.358e+03,3.163e+01,3.407e+03,0.353,0.085,0.039,0.056,0.037
32.6,2.573e+01,3.527e+03,4.892e+01,3.602e+03,0.303,0.049,0.021,0.036,0.039
34.2,2.898e+01,3.302e+03,6.887e+01,3.400e+03,0.251,0.035,0.024,0.028,0.040
35.7,3.181e+01,2.827e+03,8.537e+01,2.944e+03,0.200,0.044,0.034,0.030,0.039
37.3,3.862e+01,2.482e+03,1.095e+02,2.630e+03,0.149,0.066,0.039,0.035,0.035
38.8,5.199e+01,2.362e+03,1.484e+02,2.562e+03,0.103,0.090,0.039,0.038,0.029
40.4,7.324e+01,2.224e+03,1.894e+02,2.486e+03,0.071,0.108,0.032,0.038,0.022
41.9,1.036e+02,2.036e+03,2.212e+02,2.361e+03,0.063,0.122,0.029,0.036,0.015
43.5,1.299e+02,1.648e+03,2.275e+02,2.005e+03,0.084,0.130,0.029,0.031,0.012
45.1,1.161e+02,1.187e+03,2.173e+02,1.520e+03,0.119,0.133,0.037,0.024,0.014
46.6,1.007e+02,8.656e+02,2.821e+02,1.248e+03,0.167,0.131,0.054,0.016,0.019
48.2,1.031e+02,6.250e+02,3.755e+02,1.104e+03,0.215,0.124,0.087,0.011,0.024
49.7,1.529e+02,4.322e+02,3.975e+02,9.826e+02,0.262,0.112,0.123,0.011,0.028
51.3,2.351e+02,3.495e+02,4.189e+02,1.004e+03,0.308,0.097,0.163,0.015,0.030
52.8,2.908e+02,3.004e+02,4.798e+02,1.071e+03,0.353,0.089,0.204,0.022,0.030
54.4,3.364e+02,2.592e+02,5.217e+02,1.117e+03,0.396,0.083,0.247,0.027,0.027
55.9,3.564e+02,2.184e+02,5.215e+02,1.096e+03,0.437,0.080,0.290,0.031,0.023
57.5,3.992e+02,1.677e+02,4.736e+02,1.041e+03,0.477,0.084,0.334,0.032,0.018
59.0,3.984e+02,1.406e+02,3.009e+02,8.398e+02,0.514,0.095,0.376,0.030,0.013
60.6,3.882e+02,1.380e+02,1.287e+02,6.549e+02,0.550,0.112,0.416,0.027,0.012
62.1,4.910e+02,1.717e+02,6.814e+01,7.308e+02,0.583,0.133,0.454,0.027,0.013
63.7,6.292e+02,2.677e+02,1.063e+02,1.003e+03,0.614,0.168,0.490,0.029,0.014
65.3,6.665e+02,3.663e+02,1.311e+02,1.164e+03,0.642,0.210,0.521,0.033,0.018
66.8,6.468e+02,4.538e+02,1.155e+02,1.216e+03,0.668,0.251,0.549,0.041,0.023
68.4,5.639e+02,4.949e+02,9.757e+01,1.156e+03,0.692,0.293,0.572,0.055,0.025
69.9,4.665e+02,4.877e+02,7.705e+01,1.031e+03,0.713,0.334,0.590,0.080,0.024
71.5,3.996e+02,4.681e+02,5.589e+01,9.236e+02,0.731,0.373,0.603,0.108,0.023
73.0,3.573e+02,4.494e+02,4.224e+01,8.489e+02,0.747,0.411,0.611,0.138,0.025
74.6,3.138e+02,4.454e+02,3.873e+01,7.980e+02,0.760,0.447,0.614,0.169,0.027
76.1,2.853e+02,4.582e+02,3.367e+01,7.771e+02,0.770,0.481,0.612,0.202,0.031
77.7,2.845e+02,4.988e+02,3.161e+01,8.149e+02,0.777,0.511,0.604,0.235,0.036
79.2,3.037e+02,5.789e+02,3.050e+01,9.131e+02,0.782,0.539,0.591,0.267,0.046
80.8,3.187e+02,6.760e+02,3.407e+01,1.029e+03,0.784,0.563,0.574,0.300,0.069
82.3,3.186e+02,7.454e+02,4.026e+01,1.104e+03,0.783,0.583,0.553,0.331,0.095
83.9,3.153e+02,7.832e+02,4.185e+01,1.140e+03,0.780,0.600,0.527,0.360,0.122
85.5,2.891e+02,7.496e+02,3.935e+01,1.078e+03,0.774,0.612,0.498,0.387,0.151
87.0,2.519e+02,6.916e+02,4.145e+01,9.850e+02,0.765,0.621,0.466,0.411,0.180
88.6,2.471e+02,7.030e+02,4.736e+01,9.975e+02,0.754,0.625,0.431,0.432,0.209
90.1,2.472e+02,7.014e+02,5.482e+01,1.003e+03,0.741,0.625,0.395,0.449,0.238
91.7,2.333e+02,6.267e+02,5.212e+01,9.121e+02,0.725,0.621,0.357,0.463,0.265
93.2,1.865e+02,4.862e+02,2.978e+01,7.025e+02,0.706,0.613,0.319,0.472,0.291
94.8,1.301e+02,3.891e+02,1.913e+01,5.383e+02,0.686,0.601,0.281,0.478,0.313
96.3,1.048e+02,4.135e+02,3.436e+01,5.527e+02,0.663,0.585,0.243,0.479,0.333
97.9,9.180e+01,4.744e+02,6.884e+01,6.351e+02,0.639,0.566,0.207,0.476,0.349
99.4,8.429e+01,4.979e+02,8.936e+01,6.716e+02,0.612,0.544,0.172,0.469,0.361
101.0,7.885e+01,4.737e+02,8.557e+01,6.381e+02,0.584,0.519,0.153,0.458,0.368
102.5,7.028e+01,4.143e+02,6.273e+01,5.473e+02,0.554,0.491,0.139,0.443,0.372
104.1,5.480e+01,3.453e+02,3.750e+01,4.376e+02,0.523,0.462,0.127,0.425,0.371
105.7,3.899e+01,3.169e+02,2.259e+01,3.785e+02,0.490,0.430,0.117,0.404,0.365
107.2,2.867e+01,3.447e+02,1.728e+01,3.906e+02,0.457,0.397,0.109,0.380,0.355
108.8,2.922e+01,4.260e+02,1.302e+01,4.683e+02,0.422,0.363,0.103,0.354,0.342
110.3,5.012e+01,5.609e+02,9.682e+00,6.207e+02,0.387,0.329,0.099,0.327,0.325
111.9,8.700e+01,6.886e+02,1.479e+01,7.904e+02,0.366,0.294,0.096,0.298,0.305
113.4,1.310e+02,7.508e+02,3.330e+01,9.151e+02,0.348,0.261,0.095,0.269,0.283
115.0,1.784e+02,7.209e+02,6.686e+01,9.661e+02,0.332,0.228,0.096,0.240,0.259
116.5,2.278e+02,6.175e+02,1.170e+02,9.623e+02,0.317,0.213,0.097,0.211,0.234
118.1,2.786e+02,5.388e+02,1.603e+02,9.777e+02,0.305,0.200,0.100,0.183,0.208
119.6,3.094e+02,4.837e+02,1.700e+02,9.631e+02,0.295,0.189,0.105,0.156,0.182
121.2,3.091e+02,4.110e+02,1.506e+02,8.707e+02,0.288,0.179,0.110,0.130,0.156
122.7,3.066e+02,2.990e+02,1.473e+02,7.529e+02,0.284,0.171,0.117,0.107,0.132
124.3,3.139e+02,2.134e+02,1.726e+02,6.998e+02,0.282,0.164,0.125,0.092,0.109
125.8,3.148e+02,2.051e+02,1.740e+02,6.939e+02,0.284,0.159,0.134,0.084,0.088
127.4,2.943e+02,2.352e+02,1.675e+02,6.970e+02,0.288,0.155,0.144,0.077,0.069
129.0,2.823e+02,2.323e+02,1.902e+02,7.049e+02,0.295,0.153,0.158,0.071,0.061
130.5,1.938e+02,1.537e+02,1.841e+02,5.316e+02,0.303,0.151,0.185,0.065,0.056
132.1,6.465e+01,6.110e+01,1.183e+02,2.441e+02,0.314,0.150,0.212,0.061,0.051
133.6,1.254e+01,3.473e+01,3.368e+01,8.095e+01,0.326,0.150,0.239,0.057,0.047
135.2,7.138e-01,2.818e+01,4.031e+00,3.292e+01,0.338,0.150,0.265,0.055,0.043
136.7,4.151e-01,2.656e+01,3.575e+00,3.055e+01,0.352,0.150,0.291,0.052,0.041
138.3,4.019e-01,2.520e+01,3.830e+00,2.943e+01,0.367,0.151,0.315,0.050,0.038
139.8,4.936e-01,2.335e+01,3.864e+00,2.771e+01,0.397,0.152,0.338,0.049,0.036
141.4,5.388e-01,2.169e+01,3.874e+00,2.610e+01,0.426,0.154,0.358,0.048,0.035
142.9,5.803e-01,2.048e+01,4.324e+00,2.539e+01,0.453,0.156,0.376,0.047,0.033
144.5,7.434e-01,2.021e+01,4.923e+00,2.588e+01,0.479,0.159,0.391,0.047,0.032
146.0,9.491e-01,1.995e+01,5.551e+00,2.645e+01,0.504,0.163,0.403,0.047,0.031
147.6,1.221e+00,2.077e+01,6.130e+00,2.812e+01,0.526,0.167,0.412,0.047,0.031
149.2,1.331e+00,2.007e+01,6.620e+00,2.802e+01,0.547,0.172,0.418,0.048,0.030
150.7,1.737e+00,1.886e+01,7.009e+00,2.761e+01,0.566,0.178,0.420,0.049,0.030
152.3,2.245e+00,1.853e+01,6.665e+00,2.744e+01,0.583,0.184,0.420,0.050,0.029
153.8,2.722e+00,1.701e+01,6.539e+00,2.627e+01,0.599,0.192,0.416,0.051,0.029
155.4,3.580e+00,1.616e+01,7.379e+00,2.712e+01,0.612,0.199,0.409,0.053,0.029
156.9,4.538e+00,1.887e+01,8.985e+00,3.240e+01,0.623,0.207,0.399,0.055,0.029
158.5,6.060e+00,2.240e+01,1.168e+01,4.015e+01,0.632,0.226,0.386,0.058,0.030
160.0,7.781e+00,2.784e+01,1.449e+01,5.010e+01,0.639,0.250,0.371,0.061,0.030
161.6,9.394e+00,3.278e+01,1.699e+01,5.916e+01,0.644,0.273,0.354,0.064,0.030
163.1,1.086e+01,3.613e+01,1.988e+01,6.687e+01,0.647,0.296,0.335,0.067,0.031
164.7,1.177e+01,3.891e+01,2.170e+01,7.238e+01,0.647,0.319,0.314,0.071,0.032
166.2,1.193e+01,3.805e+01,2.132e+01,7.130e+01,0.646,0.340,0.292,0.076,0.032
167.8,1.046e+01,3.312e+01,1.763e+01,6.120e+01,0.643,0.359,0.270,0.080,0.033
169.4,7.545e+00,2.354e+01,1.308e+01,4.417e+01,0.638,0.377,0.247,0.087,0.034
170.9,5.375e+00,1.533e+01,1.104e+01,3.175e+01,0.631,0.393,0.224,0.101,0.035
172.5,4.279e+00,1.212e+01,1.068e+01,2.708e+01,0.622,0.407,0.202,0.117,0.037
174.0,3.623e+00,8.412e+00,1.157e+01,2.360e+01,0.611,0.419,0.185,0.133,0.038
175.6,4.680e+00,5.662e+00,1.585e+01,2.619e+01,0.598,0.428,0.178,0.150,0.040
177.1,1.006e+01,8.749e+00,2.597e+01,4.478e+01,0.584,0.435,0.172,0.167,0.042
178.7,1.535e+01,1.447e+01,3.145e+01,6.127e+01,0.569,0.440,0.167,0.183,0.044
180.2,1.170e+01,1.570e+01,2.375e+01,5.115e+01,0.551,0.442,0.162,0.199,0.047
181.8,8.446e+00,1.638e+01,1.926e+01,4.409e+01,0.533,0.441,0.157,0.214,0.049
183.3,9.253e+00,1.853e+01,2.177e+01,4.956e+01,0.514,0.438,0.154,0.228,0.052
184.9,9.969e+00,1.897e+01,2.345e+01,5.239e+01,0.493,0.433,0.151,0.240,0.056
186.4,1.020e+01,2.014e+01,2.351e+01,5.385e+01,0.471,0.425,0.149,0.251,0.066
188.0,1.005e+01,2.167e+01,2.310e+01,5.482e+01,0.449,0.415,0.147,0.260,0.076
189.5,9.980e+00,2.360e+01,2.383e+01,5.740e+01,0.427,0.403,0.147,0.267,0.088
191.1,1.059e+01,2.683e+01,2.579e+01,6.320e+01,0.413,0.390,0.146,0.272,0.100
192.7,1.054e+01,2.726e+01,2.424e+01,6.204e+01,0.406,0.375,0.147,0.275,0.112
194.2,1.044e+01,2.679e+01,2.357e+01,6.081e+01,0.399,0.358,0.148,0.276,0.124
195.8,1.024e+01,2.791e+01,2.346e+01,6.162e+01,0.393,0.340,0.150,0.275,0.135
197.3,9.840e+00,2.551e+01,2.212e+01,5.748e+01,0.387,0.322,0.152,0.272,0.146
198.9,1.005e+01,2.400e+01,2.186e+01,5.590e+01,0.382,0.303,0.155,0.266,0.156
